# nurbs mesh v.2.1
#
# 17-Aug-2016
#
3 3 1 0 0 
PATCH 1 
2 2 1 
3 3 2 
0.0000000   0.0000000   0.0000000   1.0000000   1.0000000   1.0000000   
0.0000000   0.0000000   0.0000000   1.0000000   1.0000000   1.0000000   
0.0000000   0.0000000   1.0000000   1.0000000   
1.000000000000000   0.707106781186548   0.000000000000000   1.500000000000000   1.060660171779821   0.000000000000000   2.000000000000000   1.414213562373095   0.000000000000000   1.000000000000000   0.707106781186548   0.000000000000000   1.500000000000000   1.060660171779821   0.000000000000000   2.000000000000000   1.414213562373095   0.000000000000000   
0.000000000000000   0.707106781186547   1.000000000000000   0.000000000000000   1.060660171779821   1.500000000000000   0.000000000000000   1.414213562373095   2.000000000000000   0.000000000000000   0.707106781186547   1.000000000000000   0.000000000000000   1.060660171779821   1.500000000000000   0.000000000000000   1.414213562373095   2.000000000000000   
0.000000000000000   0.000000000000000   0.000000000000000   0.000000000000000   0.000000000000000   0.000000000000000   0.000000000000000   0.000000000000000   0.000000000000000   5.000000000000000   3.535533905932738   5.000000000000000   5.000000000000000   3.535533905932738   5.000000000000000   5.000000000000000   3.535533905932738   5.000000000000000   
1.000000000000000   0.707106781186548   1.000000000000000   1.000000000000000   0.707106781186548   1.000000000000000   1.000000000000000   0.707106781186548   1.000000000000000   1.000000000000000   0.707106781186548   1.000000000000000   1.000000000000000   0.707106781186548   1.000000000000000   1.000000000000000   0.707106781186548   1.000000000000000   
